step_size,optim_number,x1,x2,x_HJ1,x_HJ2,y,f_calls_HJ,is_global_min_HJ,x_Rosen.1,x_ROsen2,y_Rosen,f_calls_Rosen,is_global_min_Rosen
1,0,-0.403278,0.466027,-0.821793,0.0475112,0.76041,403,0,6.21728e-07,4.01676e-07,1.74289e-11,403,1
1,1,-0.526238,0.702311,-0.614274,0.614275,2.53578,450,0,-7.18023e-07,0.775084,0.620446,450,0
1,2,-0.801873,0.606611,-0.704241,0.704243,1.53521,527,0,-0.775084,2.2641e-07,0.620446,527,0
1,3,-0.975698,0.789982,-0.88284,0.882839,1.96315,429,0,8.08297e-07,0.775083,0.620446,429,0
1,4,-0.50531,-0.57542,0.0350554,-0.0350547,0.0777061,350,0,1.9489e-07,4.94263e-07,8.97971e-12,350,1
1,5,0.845627,0.870591,-0.0124817,0.0124815,0.0099041,306,0,5.09606e-07,3.41659e-07,1.19749e-11,306,1
1,6,0.560326,0.744992,-0.0923325,0.0923338,0.519807,252,0,3.79509e-07,0.775083,0.620446,252,0
1,7,-0.15628,-0.49556,0.16964,-0.16964,1.58386,181,0,4.59309e-07,-7.5496e-07,2.48424e-11,181,1
1,8,0.976779,-0.360083,0.668431,-0.668431,1.87427,438,0,8.98586e-07,-2.84264e-07,2.82567e-11,438,1
1,9,0.104544,0.827187,0.0256885,0.748331,0.663319,508,0,3.32641e-07,0.775084,0.620446,508,0
1,10,0.679862,-0.903159,0.79151,-0.791511,1.25785,444,0,-0.775083,5.99174e-07,0.620446,444,0
1,11,-0.145712,0.4449,-0.67721,-0.0865981,1.12071,366,0,-2.84601e-07,-6.55455e-07,1.62435e-11,366,1
1,12,0.0671183,-0.363647,-0.0934283,-0.524194,2.10316,324,0,6.16017e-07,1.22805e-07,1.25513e-11,324,1
1,13,0.450948,0.293141,0.0789042,-0.0789036,0.383993,545,0,-3.95893e-07,-0.775083,0.620446,545,0
1,14,-0.715449,-0.872368,0.0784596,-0.0784599,0.379815,403,0,-0.775084,-4.21623e-07,0.620446,403,0
1,15,-0.201434,-0.303859,0.0512122,-0.0512124,0.164698,333,0,0.775083,0.775083,1.24089,333,0
1,16,-0.0151557,0.327039,-0.171097,0.171098,1.60711,355,0,6.48522e-08,-5.13031e-07,8.50653e-12,355,1
1,17,-0.707368,0.348863,-0.905386,0.150845,1.78615,437,0,-0.775084,-6.91674e-07,0.620446,437,0
1,18,0.925871,0.902489,0.0116905,-0.0116915,0.00868995,357,0,3.45547e-07,5.73469e-07,1.42601e-11,357,1
1,19,0.134228,0.252003,-0.0588881,0.0588869,0.216848,434,0,5.79391e-07,-0.775083,0.620446,434,0
1,20,-0.3198,-0.694322,0.187261,-0.187261,1.86888,447,0,0.775083,-0.775083,1.24089,447,0
1,21,0.687498,0.781978,-0.0472405,0.0472398,0.140413,211,0,0.775084,0.775083,1.24089,211,0
1,22,-0.194793,0.46769,-0.71681,-0.0543266,0.814035,390,0,0.775084,4.31243e-07,0.620446,390,0
1,23,-0.950204,-0.278451,0.0499865,0.72174,0.784098,467,0,6.24394e-07,0.775083,0.620446,467,0
1,24,-0.0434493,0.630637,-0.722976,-0.0488898,0.776938,347,0,8.52249e-08,5.56881e-07,1.00964e-11,347,1
1,25,-0.218092,0.0101971,-0.114145,0.114144,0.776636,366,0,0.775083,4.41971e-07,0.620446,366,0
1,26,-0.393274,-0.711946,0.159336,-0.159335,1.42163,435,0,3.69853e-07,-0.775083,0.620446,435,0
1,27,0.474104,-0.0283335,0.620437,0.117999,1.64068,440,0,-2.55295e-07,1.46322e-07,2.75446e-12,440,1
1,28,0.40543,0.80674,-0.200655,0.200655,2.08921,496,0,1.26971e-07,0.775083,0.620446,496,0
1,29,-0.85368,-0.0902829,-0.769171,-0.005774,0.622594,398,0,-7.01523e-07,-4.55731e-07,2.22622e-11,398,1
1,30,0.924885,0.0883343,0.0307978,-0.805753,0.680149,537,0,-1.50357e-07,-7.49586e-07,1.85933e-11,537,1
1,31,0.845493,0.620185,0.112654,-0.112654,0.757771,433,0,-7.19044e-07,7.94195e-07,3.65121e-11,433,1
1,32,-0.928588,0.767239,-0.847913,0.847914,1.57539,191,0,6.03879e-07,0.775084,0.620446,191,0
1,33,0.626382,0.468023,0.0791804,-0.0791785,0.386595,358,0,6.2059e-07,-6.92146e-07,2.74913e-11,358,1
1,34,-0.31862,-0.0424503,-0.138085,0.138084,1.10248,243,0,0.775083,-3.89526e-07,0.620446,243,0
1,35,-0.125955,-0.240972,0.0575079,-0.0575092,0.206977,293,0,6.39741e-07,0.775084,0.620446,293,0
1,36,-0.770976,-0.806682,0.0178531,-0.0178531,0.0202465,553,0,-0.775083,-0.775083,1.24089,553,0
1,37,0.985578,0.0390985,0.0879553,-0.858525,1.07612,511,0,-1.26308e-07,-2.50389e-07,2.50178e-12,511,1
1,38,0.408492,-0.864098,0.636294,-0.636296,2.25218,456,0,7.29212e-07,-4.35909e-07,2.29603e-11,456,1
1,39,-0.35987,0.577772,-0.0832285,0.854413,1.03143,242,0,6.04395e-07,-5.95105e-07,2.28864e-11,242,1
1,40,-0.477786,-0.108062,-0.184861,0.184863,1.82966,395,0,6.74669e-07,7.59069e-07,3.28089e-11,395,1
1,41,-0.379687,0.720024,-0.181002,0.91871,2.12853,377,0,8.47128e-07,0.775084,0.620446,377,0
1,42,0.400981,-0.0336959,-0.100766,-0.535443,2.08117,429,0,-4.77148e-07,-6.8801e-07,2.23006e-11,429,1
1,43,0.649041,-0.883777,0.76641,-0.766409,1.24557,343,0,-8.53068e-07,1.88182e-07,2.42766e-11,343,1
1,44,0.544891,-0.904996,0.724944,-0.724944,1.39185,228,0,7.71272e-08,4.82185e-07,7.58549e-12,228,1
1,45,-0.572343,0.259284,-0.0283041,0.803322,0.670972,396,0,-9.37252e-07,-0.775083,0.620446,396,0
1,46,0.0260673,-0.93307,0.0947814,-0.864356,1.14373,542,0,-4.40313e-07,-5.97721e-07,1.75326e-11,542,1
1,47,0.299011,0.185091,0.0569604,-0.0569595,0.20311,321,0,-0.775083,-0.775083,1.24089,321,0
1,48,0.765293,0.926647,-0.0806772,0.0806759,0.400873,428,0,0.775084,-5.69584e-07,0.620446,428,0
1,49,-0.767478,-0.887183,0.059852,-0.0598529,0.223885,293,0,-0.775083,9.30999e-07,0.620446,293,0
1,50,-0.2862,0.346204,-0.70058,-0.0681768,0.926932,378,0,0.775083,6.71187e-07,0.620446,378,0
1,51,0.0859398,0.766053,0.0460476,0.726161,0.759142,290,0,3.64981e-07,0.775084,0.620446,290,0
1,52,0.922714,-0.603386,0.76305,-0.76305,1.24987,369,0,-5.05578e-07,1.15066e-07,8.55227e-12,369,1
1,53,-0.70096,-0.66068,-0.0201403,0.0201402,0.0257552,399,0,-0.775083,-6.57106e-07,0.620446,399,0
1,54,0.806004,0.477751,0.164126,-0.164127,1.49655,400,0,0.775084,1.08296e-07,0.620446,400,0
1,55,-0.0246276,-0.079642,0.0275078,-0.0275066,0.0479588,347,0,4.33652e-08,-6.9352e-07,1.53602e-11,347,1
1,56,-0.610286,0.884478,-0.747383,0.747382,1.28793,433,0,3.20072e-07,3.30961e-07,6.74349e-12,433,1
1,57,0.59675,-0.830585,0.713668,-0.713666,1.46462,503,0,-5.22927e-07,-0.775083,0.620446,503,0
1,58,0.837981,0.930658,-0.0463379,0.0463389,0.135161,265,0,-7.53475e-07,-1.60624e-07,1.88809e-11,265,1
1,59,-0.40896,0.274319,-0.727827,-0.0445482,0.750203,518,0,6.8261e-07,-0.775083,0.620446,518,0
1,60,-0.407423,0.277186,-0.728528,-0.0439191,0.746533,354,0,-9.76264e-08,-0.775083,0.620446,354,0
1,61,-0.406422,0.827225,-0.616823,0.616823,2.50232,432,0,-1.08055e-07,0.775084,0.620446,432,0
1,62,-0.342518,0.983742,-0.66313,0.66313,1.93262,381,0,-4.27672e-07,5.12988e-07,1.41898e-11,381,1
1,63,-0.119543,0.538082,0.0565904,0.714216,0.830655,284,0,7.6963e-08,3.16961e-07,3.3844e-12,284,1
1,64,-0.928563,0.749652,-0.839108,0.839107,1.49979,435,0,-3.82909e-07,0.775083,0.620446,435,0
1,65,-0.110506,0.498062,0.0788264,0.687394,1.03251,201,0,2.03814e-07,-2.46756e-07,3.25828e-12,201,1
1,66,-0.661457,-0.889007,0.113774,-0.113775,0.771937,523,0,-2.7513e-07,-8.4514e-07,2.51297e-11,523,1
1,67,0.613654,0.093874,0.633111,0.113331,1.52929,383,0,6.04979e-07,6.28894e-08,1.17688e-11,383,1
1,68,0.81218,0.493678,0.159251,-0.159252,1.42031,392,0,0.775084,4.35894e-07,0.620446,392,0
1,69,-0.0467297,0.516663,0.0978047,0.661198,1.26727,315,0,3.26023e-07,8.23417e-07,2.49498e-11,315,1
1,70,0.115569,-0.211926,0.163748,-0.163747,1.49058,494,0,3.95923e-07,0.775083,0.620446,494,0
1,71,0.132054,-0.742461,0.824323,-0.0501909,0.776221,287,0,3.95654e-07,-0.775084,0.620446,287,0
1,72,-0.901978,0.8161,-0.859038,0.85904,1.68403,235,0,-8.65043e-07,0.775084,0.620446,235,0
1,73,-0.490481,-0.867174,0.188346,-0.188347,1.88666,288,0,8.85712e-07,-1.76442e-07,2.59459e-11,288,1
1,74,0.838434,0.822265,0.00808418,-0.00808504,0.00415707,307,0,1.37064e-07,0.775083,0.620446,307,0
1,75,-0.540788,-0.356478,-0.0921549,0.0921548,0.517887,491,0,5.82662e-07,-6.62361e-07,2.47562e-11,491,1
1,76,-0.356435,0.295448,0.0592524,0.711136,0.851116,505,0,6.3734e-07,-0.775084,0.620446,505,0
1,77,-0.402875,0.0384777,0.10942,0.550772,2.04119,594,0,6.62619e-07,7.32735e-07,3.10467e-11,594,1
1,78,0.0310432,-0.0702641,0.0506546,-0.0506528,0.16117,356,0,-8.01046e-07,6.91674e-07,3.56315e-11,356,1
1,79,-0.492265,-0.717846,0.11279,-0.112791,0.759491,329,0,9.03038e-07,-0.775083,0.620446,329,0
1,80,0.728925,-0.155945,0.0555361,-0.829334,0.810088,282,0,0.775083,-6.65386e-07,0.620446,282,0
1,81,0.854708,0.630126,0.11229,-0.112292,0.753205,353,0,-2.26194e-08,7.46216e-07,1.773e-11,353,1
1,82,0.635014,0.949196,-0.157091,0.157091,1.38685,334,0,2.80456e-07,-9.74168e-08,2.80398e-12,334,1
1,83,0.818526,0.498668,0.15993,-0.159928,1.43085,249,0,0.775084,-6.23433e-07,0.620446,249,0
1,84,0.188835,-0.143257,0.166046,-0.166046,1.52682,436,0,-0.775084,-3.04634e-07,0.620446,436,0
1,85,0.047509,-0.535723,-0.0897145,-0.672947,1.15898,404,0,7.15681e-07,-3.44541e-07,2.00699e-11,404,1
1,86,-0.455028,-0.972449,-0.114036,-0.631456,1.54425,474,0,3.52883e-07,-1.66209e-07,4.84013e-12,474,1
1,87,-0.31452,0.618341,-0.852176,0.0806839,1.00813,293,0,0.775084,-7.5027e-07,0.620446,293,0
1,88,0.577802,-0.917218,0.747509,-0.747511,1.2875,447,0,-6.01105e-07,-6.18957e-07,2.36815e-11,447,1
1,89,0.574274,-0.919622,0.746949,-0.746947,1.28939,389,0,-3.82217e-07,5.34747e-07,1.37439e-11,389,1
1,90,0.752215,-0.343062,0.917668,-0.17761,2.0926,514,0,0.775083,-6.23159e-07,0.620446,514,0
1,91,-0.378966,-0.715688,0.168361,-0.168361,1.56351,269,0,-2.54683e-07,-0.775083,0.620446,269,0
1,92,0.980249,0.647838,0.166206,-0.166205,1.52933,474,0,-6.08778e-07,-1.24034e-07,1.22791e-11,474,1
1,93,-0.269685,0.515084,-0.779964,0.00480563,0.621926,332,0,0.775084,8.46552e-07,0.620446,332,0
1,94,0.491317,0.911153,-0.474352,-0.0545168,2.15349,316,0,-5.26918e-07,9.14176e-07,3.54174e-11,316,1
1,95,-0.768683,0.849882,-0.809283,0.809282,1.31473,393,0,-0.775084,-3.00053e-07,0.620446,393,0
1,96,0.975253,-0.715907,0.84558,-0.84558,1.55445,500,0,7.01141e-07,-0.775083,0.620446,500,0
1,97,-0.154927,0.759984,-0.843712,0.071199,0.926315,470,0,-4.59184e-07,0.775084,0.620446,470,0
1,98,-0.898298,-0.326387,0.0943876,0.666298,1.21984,360,0,5.17827e-07,1.14753e-07,8.94884e-12,360,1
1,99,-0.72882,0.343288,-0.910914,0.161194,1.90831,293,0,-0.775083,-6.89529e-08,0.620446,293,0
0.5,0,-0.639027,0.345208,-0.108544,0.875691,1.2898,354,0,-7.86548e-07,0.775083,0.620446,354,0
0.5,1,-0.934773,0.60887,-0.77182,0.771822,1.24156,382,0,-0.775084,1.66427e-07,0.620446,382,0
0.5,2,-0.0788085,-0.0230605,-0.0278747,0.0278733,0.0492415,381,0,-7.00569e-07,-6.46396e-07,2.89044e-11,381,1
0.5,3,-0.695296,0.682173,-0.688735,0.688734,1.6692,325,0,-0.775083,0.775084,1.24089,325,0
0.5,4,-0.576173,-0.153811,0.0672743,0.489636,2.14402,253,0,9.25031e-07,-6.12501e-07,3.91545e-11,253,1
0.5,5,-0.923792,0.140071,-0.908114,0.155749,1.84441,351,0,-4.57937e-07,-8.59718e-07,3.01832e-11,351,1
0.5,6,-0.100709,-0.606813,-0.11712,-0.623224,1.61687,344,0,5.94309e-07,6.19823e-07,2.34572e-11,344,1
0.5,7,0.609092,-0.817423,0.713258,-0.713257,1.46751,471,0,-3.3241e-07,-0.775084,0.620446,471,0
0.5,8,0.81212,-0.439596,0.625858,-0.625858,2.38489,397,0,0.775083,3.56759e-07,0.620446,397,0
0.5,9,0.45918,-0.391524,0.0379925,-0.812712,0.710752,275,0,0.775083,7.83305e-07,0.620446,275,0
0.5,10,-0.197806,0.797881,-0.880741,0.114946,1.36148,322,0,-0.775084,0.775083,1.24089,322,0
0.5,11,0.803113,-0.146358,0.0895636,-0.859908,1.09173,331,0,0.775083,6.76853e-08,0.620446,331,0
0.5,12,-0.715328,0.584251,-0.649789,0.64979,2.08693,377,0,-0.775083,-2.0821e-07,0.620446,377,0
0.5,13,-0.442386,0.760363,-0.601375,0.601374,2.7065,207,0,8.41902e-07,0.775084,0.620446,207,0
0.5,14,0.199422,0.723271,0.112073,0.635922,1.50366,412,0,0.775084,0.775084,1.24089,412,0
0.5,15,-0.930195,0.483924,-0.707059,0.70706,1.51321,500,0,-0.775084,0.775083,1.24089,500,0
0.5,16,0.401676,0.0213236,0.190176,-0.190177,1.91667,292,0,0.775083,-5.8393e-07,0.620446,292,0
0.5,17,0.996536,-0.0265784,0.892422,-0.130693,1.54493,416,0,0.775083,5.12794e-07,0.620446,416,0
0.5,18,0.433372,0.368461,0.0324558,-0.0324559,0.0666683,254,0,0.775083,0.775084,1.24089,254,0
0.5,19,0.47268,-0.493622,0.867625,-0.0986766,1.18383,302,0,0.775084,1.2316e-07,0.620446,302,0
0.5,20,-0.603235,-0.148714,-0.572798,-0.118277,1.95728,490,0,2.24947e-07,-4.00764e-07,6.71885e-12,490,1
0.5,21,-0.284736,0.0299168,-0.157326,0.157327,1.39049,350,0,2.82635e-07,2.33975e-08,2.5584e-12,350,1
0.5,22,0.195391,0.928743,-0.753842,-0.0204908,0.64767,390,0,0.775084,-8.13976e-07,0.620446,390,0
0.5,23,0.151707,-0.74012,0.832686,-0.0591423,0.834647,445,0,8.02772e-07,-0.775084,0.620446,445,0
0.5,24,-0.126943,-0.808309,-0.0454554,-0.726821,0.755571,253,0,5.39379e-07,-0.775083,0.620446,253,0
0.5,25,0.691091,-0.477171,0.897442,-0.270819,2.68217,330,0,0.775083,1.33283e-08,0.620446,330,0
0.5,26,-0.612178,0.469959,-0.168069,0.914068,1.98729,377,0,8.3953e-07,0.775083,0.620446,377,0
0.5,27,-0.458028,0.433593,-0.0590357,0.832586,0.833897,335,0,5.15685e-07,0.775083,0.620446,335,0
0.5,28,0.591391,-0.163881,0.765044,0.00977327,0.62661,390,0,-1.05299e-07,7.09075e-07,1.63469e-11,390,1
0.5,29,-0.692167,-0.742129,0.0249801,-0.0249815,0.0395799,302,0,-0.775083,-0.775084,1.24089,302,0
0.5,30,0.516638,-0.144935,0.716325,0.0547526,0.817103,385,0,-2.76606e-07,9.43824e-07,3.07714e-11,385,1
0.5,31,-0.0954482,0.504831,0.0824457,0.682725,1.07234,453,0,-6.84764e-07,-3.27566e-07,1.83298e-11,453,1
0.5,32,-0.359621,0.757024,-0.195065,0.92158,2.26714,298,0,3.34069e-07,0.775084,0.620446,298,0
0.5,33,0.752047,-0.467104,0.609575,-0.609575,2.59774,346,0,0.775084,-8.99784e-08,0.620446,346,0
0.5,34,-0.360681,0.592672,-0.0916533,0.8617,1.11232,434,0,5.69611e-07,1.50738e-07,1.10441e-11,434,1
0.5,35,-0.509435,0.965358,-0.737397,0.737396,1.32721,577,0,8.11131e-07,0.775083,0.620446,577,0
0.5,36,-0.182318,0.51382,0.0384342,0.734572,0.716836,315,0,-0.775084,-8.88119e-07,0.620446,315,0
0.5,37,0.828358,0.9435,0.714745,0.829887,1.44393,447,0,0.775084,0.775083,1.24089,447,0
0.5,38,-0.758293,0.412301,-0.277969,0.892625,2.69873,443,0,-0.775083,0.775084,1.24089,443,0
0.5,39,-0.339377,0.534263,-0.0497404,0.8239,0.77351,359,0,-5.95857e-07,-4.44491e-07,1.75795e-11,359,1
0.5,40,-0.232491,0.557701,-0.0075044,0.782688,0.624048,378,0,-0.775084,3.00807e-07,0.620446,378,0
0.5,41,-0.36101,0.104614,0.121147,0.586771,1.88415,241,0,1.5127e-08,-5.02834e-07,8.05045e-12,241,1
0.5,42,-0.595625,-0.342406,-0.12661,0.12661,0.941188,256,0,-3.21131e-07,-2.95186e-07,6.05249e-12,256,1
0.5,43,-0.723627,-0.19996,-0.635797,-0.11213,1.5048,427,0,-0.775083,-0.775083,1.24089,427,0
0.5,44,-0.125193,0.838041,-0.0970059,0.866228,1.1665,253,0,-5.03217e-08,0.775083,0.620446,253,0
0.5,45,-0.0265126,-0.21002,0.0917544,-0.091753,0.513578,260,0,-4.71672e-07,-0.775084,0.620446,260,0
0.5,46,-0.497848,-0.957349,-0.119933,-0.579434,1.92463,313,0,6.79228e-08,-0.775083,0.620446,313,0
0.5,47,0.752758,0.121981,0.69969,0.0689128,0.933698,351,0,0.775084,2.67807e-07,0.620446,351,0
0.5,48,0.42742,-0.786454,0.606938,-0.606937,2.63266,221,0,0.775084,-0.775083,1.24089,221,0
0.5,49,0.390061,0.445292,-0.027615,0.0276153,0.0483346,355,0,0.775084,0.775084,1.24089,355,0
0.5,50,-0.636986,-0.239402,-0.198792,0.198792,2.05848,365,0,-3.89957e-07,-0.775083,0.620446,365,0
0.5,51,-0.868998,0.52076,-0.694878,0.69488,1.61358,284,0,-0.775084,4.2324e-07,0.620446,284,0
0.5,52,0.640962,-0.147989,0.00688478,-0.782066,0.62348,363,0,-7.50125e-07,-7.20061e-08,1.80647e-11,363,1
0.5,53,-0.0950218,-0.355565,0.130272,-0.130272,0.9917,464,0,4.19341e-07,8.3939e-07,2.80074e-11,464,1
0.5,54,-0.960892,-0.971111,0.00510931,-0.0051101,0.00166091,419,0,-0.775083,-0.775083,1.24089,419,0
0.5,55,-0.398019,-0.651378,0.12668,-0.12668,0.942144,309,0,-7.70958e-07,4.79958e-07,2.62359e-11,309,1
0.5,56,-0.651412,0.424671,-0.163882,0.912201,1.93946,403,0,-8.75302e-07,0.775084,0.620446,403,0
0.5,57,0.243595,0.522023,-0.139213,0.139215,1.11881,286,0,0.775083,6.87573e-07,0.620446,286,0
0.5,58,-0.682976,-0.773745,0.0453846,-0.0453849,0.129711,392,0,-0.775084,-0.775084,1.24089,392,0
0.5,59,-0.896589,0.559362,-0.727976,0.727975,1.37456,491,0,1.42088e-07,-4.7834e-07,7.921e-12,491,1
0.5,60,-0.589253,0.322923,-0.0697614,0.842414,0.914648,288,0,-1.23689e-07,0.775083,0.620446,288,0
0.5,61,-0.160074,0.284064,0.112015,0.556152,2.02387,371,0,6.67244e-07,0.775084,0.620446,371,0
0.5,62,-0.224631,-0.452761,0.114065,-0.114065,0.775625,334,0,-0.775084,-5.55294e-08,0.620446,334,0
0.5,63,0.536175,0.86249,-0.163158,0.163157,1.48131,366,0,5.06783e-07,0.775084,0.620446,366,0
0.5,64,0.0956035,-0.954932,0.14726,-0.903275,1.74329,384,0,-4.47779e-07,-0.775084,0.620446,384,0
0.5,65,0.242297,0.844494,-0.683809,-0.0816124,1.06299,415,0,0.775083,0.775084,1.24089,415,0
0.5,66,-0.211574,0.745104,-0.863229,0.0934496,1.13027,357,0,-0.775083,0.775084,1.24089,357,0
0.5,67,-0.775367,0.86232,-0.818844,0.818844,1.36192,489,0,-0.775083,0.775084,1.24089,489,0
0.5,68,-0.621844,-0.969019,0.173587,-0.173588,1.64699,340,0,8.11129e-07,-0.775084,0.620446,340,0
0.5,69,0.762115,-0.0758079,0.806431,-0.0314926,0.682843,388,0,0.775083,-3.37458e-07,0.620446,388,0
0.5,70,-0.140888,-0.485161,0.172137,-0.172137,1.62374,321,0,6.5951e-07,-5.69258e-07,2.41451e-11,321,1
0.5,71,-0.63872,0.678932,-0.658825,0.658827,1.98129,343,0,-4.98794e-07,1.47532e-07,8.60689e-12,343,1
0.5,72,-0.239487,-0.580332,0.170424,-0.170422,1.59634,411,0,-0.775083,-5.72915e-07,0.620446,411,0
0.5,73,-0.581178,-0.54141,-0.019883,0.0198849,0.025105,307,0,-7.90297e-07,7.50421e-07,3.77822e-11,307,1
0.5,74,-0.218545,-0.516929,0.149192,-0.149192,1.26635,401,0,-0.775083,4.03559e-07,0.620446,401,0
0.5,75,0.210175,-0.82438,0.897071,-0.137483,1.626,327,0,0.775084,-0.775083,1.24089,327,0
0.5,76,-0.26818,-0.573647,0.152734,-0.152733,1.32,420,0,-7.6566e-07,-4.48784e-07,2.5056e-11,420,1
0.5,77,-0.363557,0.595332,-0.0946461,0.864243,1.14237,380,0,3.16954e-07,5.35541e-07,1.23195e-11,380,1
0.5,78,-0.313842,0.433497,-0.761002,-0.0136635,0.632517,305,0,-7.19404e-07,0.775084,0.620446,305,0
0.5,79,0.806341,-0.195148,0.118224,-0.883265,1.39893,173,0,0.775083,-0.775083,1.24089,173,0
0.5,80,0.83563,-0.108079,0.857238,-0.0864711,1.06188,122,0,0.775083,4.80845e-07,0.620446,122,0
0.5,81,-0.913405,-0.946714,0.016654,-0.0166556,0.0176234,147,0,-2.912e-07,-0.775083,0.620446,147,0
0.5,82,0.33075,0.520715,-0.0949833,0.0949816,0.548698,272,0,0.775084,7.096e-07,0.620446,272,0
0.5,83,0.627267,-0.966116,0.796691,-0.796692,1.27028,282,0,7.29282e-07,-0.775083,0.620446,282,0
0.5,84,0.392707,0.38235,0.780242,0.769885,1.24257,429,0,0.775083,0.775083,1.24089,429,0
0.5,85,0.221641,0.965634,0.0152998,0.759293,0.635592,294,0,0.775083,0.775084,1.24089,294,0
0.5,86,0.590746,0.780073,-0.0946637,0.0946639,0.545187,286,0,-6.81558e-08,0.775084,0.620446,286,0
0.5,87,0.970854,-0.663702,0.817278,-0.817278,1.3534,221,0,0.775084,-3.01773e-07,0.620446,221,0
0.5,88,0.0144909,-0.704641,-0.0273869,-0.746518,0.669206,355,0,7.30811e-07,-0.775083,0.620446,355,0
0.5,89,-0.634902,0.490003,-0.2028,0.922106,2.33526,260,0,-7.91393e-07,0.775083,0.620446,260,0
0.5,90,0.495428,-0.447539,0.0860737,-0.856894,1.05811,360,0,0.775084,-8.0205e-07,0.620446,360,0
0.5,91,-0.361702,0.919404,-0.640552,0.640553,2.19918,311,0,2.62133e-07,0.775084,0.620446,311,0
0.5,92,-0.275289,-0.4145,0.0696059,-0.0696051,0.300892,429,0,-9.22503e-07,-2.21363e-07,2.86304e-11,429,1
0.5,93,-0.730868,0.163259,-0.0603368,0.833791,0.84308,491,0,-0.775083,-4.19757e-07,0.620446,491,0
0.5,94,-0.928,-0.486927,0.109131,0.550203,2.04291,465,0,-8.01247e-08,-6.32441e-08,3.31513e-13,465,1
0.5,95,-0.546209,0.450373,-0.11545,0.881132,1.3672,331,0,1.49663e-07,0.775083,0.620446,331,0
0.5,96,0.921135,0.970405,-0.0246343,0.0246353,0.0384945,237,0,3.0704e-07,0.775083,0.620446,237,0
0.5,97,-0.932191,0.401452,-0.666821,0.666822,1.89179,289,0,-0.775083,0.775083,1.24089,289,0
0.5,98,0.799741,0.49328,0.15323,-0.153231,1.32758,178,0,0.775083,0.775083,1.24089,178,0
0.5,99,-0.159813,0.0730859,-0.116449,0.11645,0.806156,430,0,3.90218e-07,1.55019e-07,5.6084e-12,430,1
0.1,0,0.731683,-0.194579,0.849078,-0.077184,0.977004,237,0,0.775083,-5.08767e-07,0.620446,237,0
0.1,1,0.749918,0.253028,0.616085,0.119195,1.67693,66,0,0.775083,0.0530294,0.708659,66,0
0.1,2,0.892868,0.226179,0.719051,0.0523614,0.80016,65,0,0.775084,0.0261804,0.642176,65,0
0.1,3,0.552942,-0.109306,0.716685,0.0544375,0.814825,47,0,0.75294,2.2371e-07,0.635537,47,0
0.1,4,-0.750208,-0.181196,-0.664573,-0.0955607,1.23583,340,0,-0.775083,4.9566e-07,0.620446,340,0
0.1,5,0.478777,-0.481002,0.850605,-0.109174,1.1574,52,0,0.678776,-0.681001,1.75478,52,0
0.1,6,-0.45422,-0.0669589,-0.193631,0.19363,1.97343,45,0,-0.254221,-2.85753e-07,1.4768,45,0
0.1,7,0.480731,0.943789,0.120734,0.583792,1.90115,49,0,0.680729,0.775083,1.49361,49,0
0.1,8,0.679536,-0.37562,0.904993,-0.150164,1.77803,48,0,0.775084,-0.175622,1.46031,48,0
0.1,9,-0.604254,-0.116114,-0.608827,-0.120687,1.73458,269,0,-0.775084,-4.55936e-07,0.620446,269,0
0.1,10,0.093115,-0.767595,0.0431028,-0.817607,0.736141,261,0,-2.53487e-07,-0.775084,0.620446,261,0
0.1,11,-0.637132,-0.275573,-0.18078,0.180779,1.76317,50,0,-0.775084,-0.0755749,0.797037,50,0
0.1,12,0.243364,0.800468,0.100267,0.657371,1.30314,67,0,0.0433652,0.775083,0.679711,67,0
0.1,13,-0.0846883,-0.995694,0.0691493,-0.841856,0.909722,45,0,-4.7177e-07,-0.795695,0.633815,45,0
0.1,14,-0.332283,0.654565,-0.109996,0.876852,1.30589,47,0,-0.132285,0.775084,1.13038,47,0
0.1,15,-0.42176,-0.232395,-0.0946833,0.0946825,0.545397,35,0,-0.221762,-0.0323963,1.25161,35,0
0.1,16,-0.369758,0.688924,-0.152407,0.906275,1.80477,46,0,-0.16976,0.775083,1.41333,46,0
0.1,17,0.148746,-0.46684,-0.0757256,-0.691312,1.00001,64,0,6.8234e-07,-0.666839,0.945804,64,0
0.1,18,0.887362,0.265765,0.694644,0.0730465,0.973108,66,0,0.775083,0.0657665,0.755103,66,0
0.1,19,-0.637085,0.203511,-0.807747,0.0328495,0.688259,67,0,-0.775083,0.00351296,0.620839,67,0
0.1,20,0.0801431,-0.456409,-0.107847,-0.644399,1.42507,48,0,-6.17533e-07,-0.25641,1.49352,48,0
0.1,21,0.134464,0.102994,0.0157356,-0.0157343,0.0157328,333,0,-7.556e-07,5.69736e-07,2.84879e-11,333,1
0.1,22,0.802053,-0.785103,0.793578,-0.793578,1.2624,344,0,0.775083,-0.775084,1.24089,344,0
0.1,23,-0.151443,-0.00200967,-0.0747172,0.0747161,0.345428,312,0,5.27904e-07,-8.26725e-08,9.08273e-12,312,1
0.1,24,0.747281,0.874176,0.708206,0.835101,1.48649,403,0,0.775084,0.775084,1.24089,403,0
0.1,25,-0.531151,0.363859,-0.802979,0.092031,0.903257,69,0,-0.731149,0.163861,1.42494,69,0
0.1,26,0.236282,-0.229186,0.586594,0.121126,1.88519,52,0,0.0362835,-0.0291871,0.0685908,52,0
0.1,27,0.39753,0.735363,0.526961,0.864794,2.69506,48,0,0.597528,0.775083,1.99928,48,0
0.1,28,0.774496,0.972869,0.665887,0.86426,1.82099,271,0,0.775083,0.775083,1.24089,271,0
0.1,29,-0.718419,-0.314705,-0.201857,0.201856,2.10905,49,0,-0.775084,-0.114707,1.01235,49,0
0.1,30,0.0528154,-0.777573,0.0276765,-0.802712,0.668784,285,0,1.46984e-07,-0.775084,0.620446,285,0
0.1,31,0.662798,0.965795,0.581934,0.884931,2.47763,259,0,0.775083,0.775083,1.24089,259,0
0.1,32,-0.383614,-0.136968,-0.123323,0.123323,0.89666,46,0,-0.183615,-6.11076e-07,0.904659,46,0
0.1,33,-0.881636,-0.374994,-0.623628,-0.116986,1.61339,48,0,-0.775084,-0.174996,1.45526,48,0
0.1,34,0.875352,0.548328,0.875407,0.548383,2.63182,49,0,0.775084,0.748327,1.26285,49,0
0.1,35,0.512013,0.306376,0.883841,0.678205,1.87396,52,0,0.712011,0.106378,1.07839,52,0
0.1,36,0.483513,-0.441432,0.855341,-0.0696039,0.973601,35,0,0.683512,-0.241434,2.23656,35,0
0.1,37,-0.968739,0.48649,-0.727615,0.727614,1.37657,45,0,-0.775084,0.686488,1.46561,45,0
0.1,38,-0.313627,0.389435,0.0351225,0.738185,0.70085,35,0,-0.113628,0.589434,1.8177,35,0
0.1,39,0.144296,-0.900439,0.143666,-0.901069,1.7002,282,0,6.37808e-08,-0.775083,0.620446,282,0
0.1,40,-0.92754,0.907857,-0.917698,0.917699,2.47389,285,0,-0.775083,0.775083,1.24089,285,0
0.1,41,-0.30807,0.690467,-0.116552,0.881985,1.37978,49,0,-0.108071,0.775083,0.970911,49,0
0.1,42,-0.843281,-0.82178,-0.785745,-0.764244,1.2481,358,0,-0.775083,-0.775084,1.24089,358,0
0.1,43,0.117251,0.54202,0.0768014,0.501571,2.13353,47,0,-6.98117e-07,0.742019,0.653802,47,0
0.1,44,-0.81364,-0.578881,-0.876322,-0.641562,2.03368,261,0,-0.775083,-0.775084,1.24089,261,0
0.1,45,-0.295368,-0.76948,-0.121712,-0.595825,1.82773,48,0,-0.0953697,-0.775083,0.896935,48,0
0.1,46,-0.999809,0.312379,-0.656094,0.656095,2.01275,52,0,-0.799811,0.112381,1.01688,52,0
0.1,47,0.534036,-0.124153,0.714517,0.0563277,0.828692,47,0,0.734035,-1.56423e-07,0.671491,47,0
0.1,48,-0.550216,-0.136941,-0.407921,0.00535336,2.16548,62,0,-0.750214,5.79589e-07,0.639442,62,0
0.1,49,0.0920108,0.506889,0.0150393,0.429917,2.16493,49,0,2.62996e-07,0.706887,0.757269,49,0
0.1,50,0.527975,0.517938,0.780083,0.770046,1.24246,35,0,0.727974,0.717936,1.40505,35,0
0.1,51,-0.123421,-0.872937,-0.0125962,-0.762112,0.6307,304,0,-4.18265e-08,-0.775084,0.620446,304,0
0.1,52,0.555896,0.550236,0.777907,0.772247,1.24139,35,0,0.755895,0.750235,1.27121,35,0
0.1,53,0.499915,0.0543293,0.558768,0.113182,2.01476,47,0,0.699913,4.23893e-07,0.785229,47,0
0.1,54,0.313341,0.611625,0.585169,0.883453,2.44652,63,0,0.113343,0.775083,1.00368,63,0
0.1,55,-0.2279,-0.400659,0.0863799,-0.0863788,0.457364,35,0,-0.0279012,-0.20066,1.06932,35,0
0.1,56,0.381947,-0.870219,0.626083,-0.626082,2.382,47,0,0.581945,-0.775083,2.10273,47,0
0.1,57,-0.0259763,-0.164941,0.0694826,-0.0694819,0.299853,185,0,2.16193e-07,4.81276e-07,8.85514e-12,185,1
0.1,58,-0.0661598,0.516877,0.0897957,0.672833,1.16001,47,0,-7.04423e-07,0.716876,0.721296,47,0
0.1,59,0.581311,-0.880418,0.730864,-0.730865,1.359,197,0,0.775084,-0.775083,1.24089,197,0
0.1,60,0.991791,-0.0564453,0.902407,-0.14583,1.72614,66,0,0.791792,-1.09867e-08,0.62922,66,0
0.1,61,0.637186,-0.0326604,0.720728,0.0508814,0.790064,279,0,0.775084,-5.34015e-07,0.620446,279,0
0.1,62,-0.15753,-0.735645,-0.0918427,-0.669958,1.18617,352,0,-5.99178e-08,-0.775083,0.620446,352,0
0.1,63,-0.534143,-0.302943,-0.1156,0.1156,0.79523,52,0,-0.734142,-0.102945,0.990965,52,0
0.1,64,0.039363,0.235348,-0.097992,0.0979931,0.582328,65,0,-6.95528e-08,0.0353497,0.039505,65,0
0.1,65,0.0561756,0.0768177,-0.0103207,0.0103215,0.00677375,261,0,3.91681e-07,4.26361e-07,1.0663e-11,261,1
0.1,66,-0.477549,-0.636629,-0.689782,-0.848862,1.62179,66,0,-0.677547,-0.775083,1.50964,66,0
0.1,67,-0.0055683,0.460566,0.121214,0.587348,1.88076,49,0,-3.66169e-07,0.660565,0.980748,49,0
0.1,68,-0.141898,-0.390829,0.124466,-0.124465,0.912051,46,0,-3.00422e-07,-0.190831,0.963704,46,0
0.1,69,-0.971824,0.906921,-0.939373,0.939372,2.84145,187,0,-0.775083,0.775083,1.24089,187,0
0.1,70,0.738517,0.32773,0.35647,-0.0543167,2.1612,66,0,0.775083,0.127732,1.09873,66,0
0.1,71,-0.221587,0.462112,0.0443498,0.728049,0.749037,35,0,-0.0215885,0.662111,0.986814,35,0
0.1,72,0.904821,-0.199304,0.919642,-0.184483,2.16447,257,0,0.775083,6.14381e-07,0.620446,257,0
0.1,73,-0.55967,-0.77189,-0.656947,-0.869167,1.89907,67,0,-0.759669,-0.775084,1.24824,67,0
0.1,74,-0.238537,0.590663,-0.0270762,0.802124,0.666731,45,0,-0.0385386,0.775084,0.667345,45,0
0.1,75,-0.758677,-0.157258,-0.68337,-0.0819508,1.06677,169,0,-0.775083,-4.5271e-07,0.620446,169,0
0.1,76,-0.286422,0.064864,-0.175643,0.175643,1.68006,47,0,-0.0864235,4.04255e-07,0.228906,47,0
0.1,77,-0.041668,0.339597,-0.190632,0.190633,1.92415,63,0,6.80706e-07,0.139598,0.562192,63,0
0.1,78,0.529441,0.114235,0.433777,0.0185716,2.16458,48,0,0.729439,1.13623e-07,0.683283,48,0
0.1,79,0.59684,-0.574292,0.868669,-0.302464,2.70606,63,0,0.775083,-0.774291,1.24091,63,0
0.1,80,-0.45942,0.185813,-0.707551,-0.062318,0.875899,48,0,-0.259422,-5.94122e-07,1.51632,48,0
0.1,81,0.180882,0.821455,0.0644542,0.705028,0.89395,248,0,-4.51852e-07,0.775084,0.620446,248,0
0.1,82,-0.647528,-0.675668,-0.760861,-0.789002,1.25323,256,0,-0.775083,-0.775084,1.24089,256,0
0.1,83,0.422595,0.842626,0.0556271,0.475657,2.15283,48,0,0.622594,0.775084,1.83399,48,0
0.1,84,0.724638,-0.315209,0.899168,-0.140679,1.66434,50,0,0.775084,-0.11521,1.01556,50,0
0.1,85,-0.359117,-0.850852,0.611874,0.120139,1.71084,49,0,-0.159119,-0.775083,1.32957,49,0
0.1,86,0.914106,-0.739187,0.826648,-0.826646,1.40897,287,0,0.775084,-0.775084,1.24089,287,0
0.1,87,-0.91554,0.829134,-0.872337,0.872336,1.8324,336,0,-0.775084,0.775083,1.24089,336,0
0.1,88,-0.809475,-0.271365,-0.645411,-0.107301,1.41559,48,0,-0.775084,-0.0713667,0.778406,48,0
0.1,89,-0.559436,0.421747,-0.831265,0.149919,1.35885,52,0,-0.759435,0.621746,1.84706,52,0
0.1,90,-0.783982,0.917789,-0.850886,0.850885,1.60299,294,0,-0.775083,0.775084,1.24089,294,0
0.1,91,0.586543,-0.248814,0.805165,-0.0301924,0.677855,44,0,0.775084,-0.0488157,0.695357,44,0
0.1,92,-0.887041,-0.026334,-0.817605,0.0431027,0.736134,367,0,-0.775083,-3.50306e-07,0.620446,367,0
0.1,93,0.676411,-0.000710975,0.724581,0.0474595,0.767847,308,0,0.775083,8.46629e-08,0.620446,308,0
0.1,94,0.0065501,0.657176,0.0598323,0.710458,0.855713,230,0,-4.94596e-07,0.775084,0.620446,230,0
0.1,95,0.537632,0.46607,0.809853,0.73829,1.32023,35,0,0.737631,0.666069,1.61311,35,0
0.1,96,-0.743307,0.187327,-0.851132,0.079502,0.997491,240,0,-0.775084,6.95112e-07,0.620446,240,0
0.1,97,0.354393,0.637863,0.602253,0.885722,2.34793,64,0,0.154395,0.775084,1.29314,64,0
0.1,98,-0.558234,0.616314,-0.286405,0.888142,2.72561,63,0,-0.758232,0.775083,1.24966,63,0
0.1,99,0.0718229,-0.0923293,0.0820768,-0.0820754,0.414429,342,0,-2.03218e-07,8.22323e-08,1.529e-12,342,1
